10000; 6.2831853071795862; 6.2831852038240292;0.9999999999995932; -0.0000000000000178; -0.0000000000004097; -0.0000000000000178; -0.0000000000004063; -0.0000000000000078; -0.0000000000004157; -0.0000000000000118;-0.0000000000003999;-0.0000000000000102;0.0000000000004064;0.0000000000005878;0;0.0000000000004000;1;0.0000001033555570;
20000; 6.2831853071795862; 6.2831852813434859;1.0000000000008196; 0.0000000000000030; 0.0000000000008194; 0.0000000000000030; 0.0000000000003784; -0.0000000000000187; 0.0000000000004023; -0.0000000000000062;0.0000000000003988;-0.0000000000000275;0.0000000000003788;0.0000000000005690;0;0.0000000000003997;0;0.0000000258361004;
30000; 6.2831853071795862; 6.2831852956880727;0.9999999999987378; -0.0000000000000038; -0.0000000000012594; -0.0000000000000038; -0.0000000000009361; -0.0000000000000160; -0.0000000000008891; 0.0000000000000107;-0.0000000000008349;0.0000000000000320;0.0000000000009363;0.0000000000012573;0;0.0000000000008355;1;0.0000000114915135;
40000; 6.2831853071795862; 6.2831853007171574;0.9999999999979147; -0.0000000000000045; -0.0000000000020855; -0.0000000000000045; -0.0000000000029043; 0.0000000000000249; -0.0000000000029621; 0.0000000000000409;-0.0000000000028715;0.0000000000000284;0.0000000000029044;0.0000000000041890;0;0.0000000000028716;1;0.0000000064624288;
50000; 6.2831853071795862; 6.2831853030381035;0.9999999999979409; 0.0000000000000099; -0.0000000000020408; 0.0000000000000099; -0.0000000000050289; -0.0000000000000302; -0.0000000000049827; -0.0000000000000107;-0.0000000000049276;0.0000000000000036;0.0000000000050290;0.0000000000070466;0;0.0000000000049276;1;0.0000000041414827;
60000; 6.2831853071795862; 6.2831853043118899;1.0000000000019595; 0.0000000000000011; 0.0000000000019542; 0.0000000000000011; -0.0000000000030855; -0.0000000000000302; -0.0000000000030589; 0.0000000000001084;-0.0000000000031530;-0.0000000000001155;0.0000000000030857;0.0000000000043259;0;0.0000000000031551;0;0.0000000028676963;
70000; 6.2831853071795862; 6.2831853050799813;1.0000000000012137; -0.0000000000000012; 0.0000000000012204; -0.0000000000000012; -0.0000000000018776; 0.0000000000000444; -0.0000000000018137; 0.0000000000001243;-0.0000000000021814;-0.0000000000003713;0.0000000000018781;0.0000000000025649;0;0.0000000000022127;0;0.0000000020996049;
80000; 6.2831853071795862; 6.2831853055441096;0.9999999999971646; 0.0000000000000097; -0.0000000000028574; 0.0000000000000097; -0.0000000000046043; 0.0000000000001652; -0.0000000000046700; 0.0000000000000462;-0.0000000000050111;-0.0000000000003801;0.0000000000046073;0.0000000000066044;0;0.0000000000050255;0;0.0000000016354766;
90000; 6.2831853071795862; 6.2831853059128182;1.0000000000037024; -0.0000000000000066; 0.0000000000037244; -0.0000000000000066; -0.0000000000009450; 0.0000000000000426; -0.0000000000009912; 0.0000000000000036;-0.0000000000013607;-0.0000000000003517;0.0000000000009460;0.0000000000014018;0;0.0000000000014054;0;0.0000000012667680;
100000; 6.2831853071795862; 6.2831853061186100;0.9999999999964463; -0.0000000000000283; -0.0000000000035475; -0.0000000000000283; -0.0000000000045652; 0.0000000000001563; -0.0000000000045262; -0.0000000000000711;-0.0000000000046292;-0.0000000000000036;0.0000000000045679;0.0000000000064010;0;0.0000000000046292;0;0.0000000010609762;
110000; 6.2831853071795862; 6.2831853063030181;0.9999999999946315; 0.0000000000000022; -0.0000000000053826; 0.0000000000000022; -0.0000000000099796; -0.0000000000001492; -0.0000000000096705; -0.0000000000001918;-0.0000000000098375;0.0000000000001101;0.0000000000099807;0.0000000000136761;0;0.0000000000098381;1;0.0000000008765682;
120000; 6.2831853071795862; 6.2831853064505818;1.0000000000010636; 0.0000000000000007; 0.0000000000010616; 0.0000000000000007; -0.0000000000085407; -0.0000000000000782; -0.0000000000085656; -0.0000000000001172;-0.0000000000082636;0.0000000000005862;0.0000000000085411;0.0000000000121136;0;0.0000000000082844;1;0.0000000007290044;
130000; 6.2831853071795862; 6.2831853065834560;1.0000000000060452; 0.0000000000000017; 0.0000000000060640; 0.0000000000000017; -0.0000000000027320; 0.0000000000001492; -0.0000000000025224; -0.0000000000000995;-0.0000000000020641;0.0000000000010623;0.0000000000027361;0.0000000000035673;0;0.0000000000023214;1;0.0000000005961303;
140000; 6.2831853071795862; 6.2831853066414780;0.9999999999968906; 0.0000000000000006; -0.0000000000030945; 0.0000000000000006; -0.0000000000057021; -0.0000000000001563; -0.0000000000055422; -0.0000000000001030;-0.0000000000054285;0.0000000000008455;0.0000000000057042;0.0000000000078379;0;0.0000000000054940;1;0.0000000005381082;
150000; 6.2831853071795862; 6.2831853067243726;1.0000000000068863; -0.0000000000000044; 0.0000000000068303; -0.0000000000000044; 0.0000000000014175; -0.0000000000001279; 0.0000000000010658; -0.0000000000002309;0.0000000000022276;0.0000000000015881;0.0000000000014233;0.0000000000015073;0;0.0000000000027357;0;0.0000000004552136;
160000; 6.2831853071795862; 6.2831853067417649;0.9999999999941692; -0.0000000000000134; -0.0000000000058394; -0.0000000000000134; -0.0000000000047180; -0.0000000000002949; -0.0000000000047606; -0.0000000000000782;-0.0000000000036060;0.0000000000014992;0.0000000000047272;0.0000000000067326;0;0.0000000000039053;1;0.0000000004378213;
170000; 6.2831853071795862; 6.2831853068173444;0.9999999999937135; -0.0000000000000439; -0.0000000000062690; -0.0000000000000439; -0.0000000000110134; -0.0000000000002132; -0.0000000000104521; -0.0000000000001492;-0.0000000000106652;0.0000000000005826;0.0000000000110155;0.0000000000147815;0;0.0000000000106811;1;0.0000000003622418;
180000; 6.2831853071795862; 6.2831853068166454;0.9999999999918223; -0.0000000000000194; -0.0000000000081896; -0.0000000000000194; -0.0000000000185878; -0.0000000000000426; -0.0000000000187583; -0.0000000000001847;-0.0000000000197531;-0.0000000000006963;0.0000000000185878;0.0000000000265283;0;0.0000000000197654;0;0.0000000003629408;
190000; 6.2831853071795862; 6.2831853068735146;0.9999999999975590; 0.0000000000000328; -0.0000000000024201; 0.0000000000000328; -0.0000000000210534; -0.0000000000000639; -0.0000000000210250; 0.0000000000002274;-0.0000000000209681;0.0000000000003126;0.0000000000210535;0.0000000000297338;0;0.0000000000209704;1;0.0000000003060716;
200000; 6.2831853071795862; 6.2831853068783801;0.9999999999925918; 0.0000000000000263; -0.0000000000073942; 0.0000000000000263; -0.0000000000282583; -0.0000000000000639; -0.0000000000287130; 0.0000000000001990;-0.0000000000280664;0.0000000000006324;0.0000000000282584;0.0000000000406064;0;0.0000000000280736;1;0.0000000003012062;
210000; 6.2831853071795862; 6.2831853069498740;1.0000000000081957; 0.0000000000000114; 0.0000000000081896; 0.0000000000000114; -0.0000000000206342; 0.0000000000001990; -0.0000000000206271; 0.0000000000002416;-0.0000000000207550;-0.0000000000003268;0.0000000000206351;0.0000000000291711;0;0.0000000000207575;0;0.0000000002297122;
220000; 6.2831853071795862; 6.2831853070032917;1.0000000000034923; 0.0000000000000289; 0.0000000000034833; 0.0000000000000289; -0.0000000000169180; 0.0000000000001492; -0.0000000000170530; 0.0000000000001990;-0.0000000000173515;-0.0000000000005045;0.0000000000169187;0.0000000000241166;0;0.0000000000173588;0;0.0000000001762945;
230000; 6.2831853071795862; 6.2831853069958523;0.9999999999957985; -0.0000000000000030; -0.0000000000042009; -0.0000000000000030; -0.0000000000208189; 0.0000000000003908; -0.0000000000214797; 0.0000000000001563;-0.0000000000206910;0.0000000000001137;0.0000000000208226;0.0000000000303769;0;0.0000000000206913;1;0.0000000001837339;
240000; 6.2831853071795862; 6.2831853069406591;0.9999999999872567; 0.0000000000000066; -0.0000000000127703; 0.0000000000000066; -0.0000000000341558; -0.0000000000000213; -0.0000000000339853; -0.0000000000000639;-0.0000000000338787;-0.0000000000003766;0.0000000000341558;0.0000000000480624;0;0.0000000000338808;1;0.0000000002389271;
250000; 6.2831853071795862; 6.2831853069896617;0.9999999999940805; 0.0000000000000434; -0.0000000000059078; 0.0000000000000434; -0.0000000000398686; 0.0000000000000142; -0.0000000000404583; -0.0000000000000711;-0.0000000000400320;-0.0000000000006608;0.0000000000398686;0.0000000000572167;0;0.0000000000400374;0;0.0000000001899245;
260000; 6.2831853071795862; 6.2831853070456605;1.0000000000101903; -0.0000000000000325; 0.0000000000102016; -0.0000000000000325; -0.0000000000307452; -0.0000000000000995; -0.0000000000297149; -0.0000000000002629;-0.0000000000309655;-0.0000000000014850;0.0000000000307453;0.0000000000420232;0;0.0000000000310010;0;0.0000000001339258;
270000; 6.2831853071795862; 6.2831853069988570;0.9999999999912549; 0.0000000000000053; -0.0000000000087267; 0.0000000000000053; -0.0000000000378861; -0.0000000000008455; -0.0000000000384617; -0.0000000000003695;-0.0000000000396909;-0.0000000000020464;0.0000000000378956;0.0000000000543930;0;0.0000000000397436;0;0.0000000001807292;
280000; 6.2831853071795862; 6.2831853070272965;1.0000000000062008; 0.0000000000000059; 0.0000000000062277; 0.0000000000000059; -0.0000000000322942; -0.0000000000003837; -0.0000000000324505; 0.0000000000000142;-0.0000000000329976;-0.0000000000015703;0.0000000000322964;0.0000000000458919;0;0.0000000000330349;0;0.0000000001522897;
290000; 6.2831853071795862; 6.2831853071048860;1.0000000000067517; 0.0000000000000113; 0.0000000000067806; 0.0000000000000113; -0.0000000000257927; -0.0000000000000497; -0.0000000000251887; 0.0000000000001066;-0.0000000000268159;-0.0000000000021032;0.0000000000257927;0.0000000000356223;0;0.0000000000268982;0;0.0000000000747002;
300000; 6.2831853071795862; 6.2831853070441603;0.9999999999951070; 0.0000000000000058; -0.0000000000049269; 0.0000000000000058; -0.0000000000302194; 0.0000000000002416; -0.0000000000302549; -0.0000000000000142;-0.0000000000318607;-0.0000000000022524;0.0000000000302203;0.0000000000427869;0;0.0000000000319403;0;0.0000000001354259;
310000; 6.2831853071795862; 6.2831853070468915;0.9999999999971858; 0.0000000000000189; -0.0000000000028208; 0.0000000000000189; -0.0000000000333102; 0.0000000000001634; -0.0000000000329052; -0.0000000000001137;-0.0000000000354774;-0.0000000000027782;0.0000000000333106;0.0000000000465350;0;0.0000000000355860;0;0.0000000001326947;
320000; 6.2831853071795862; 6.2831853071316202;1.0000000000059126; 0.0000000000000204; 0.0000000000059428; 0.0000000000000204; -0.0000000000268727; 0.0000000000000284; -0.0000000000269367; -0.0000000000002629;-0.0000000000297931;-0.0000000000028990;0.0000000000268727;0.0000000000380942;0;0.0000000000299338;0;0.0000000000479661;
330000; 6.2831853071795862; 6.2831853069810881;0.9999999999819552; 0.0000000000000293; -0.0000000000180251; 0.0000000000000293; -0.0000000000444658; -0.0000000000000995; -0.0000000000447500; -0.0000000000002416;-0.0000000000476206;-0.0000000000029701;0.0000000000444659;0.0000000000632860;0;0.0000000000477131;0;0.0000000001984981;
340000; 6.2831853071795862; 6.2831853070680665;0.9999999999969521; 0.0000000000000136; -0.0000000000030618; 0.0000000000000136; -0.0000000000481322; -0.0000000000003979; -0.0000000000474643; -0.0000000000002984;-0.0000000000563460;-0.0000000000081997;0.0000000000481338;0.0000000000671246;0;0.0000000000569395;0;0.0000000001115197;
350000; 6.2831853071795862; 6.2831853069934249;0.9999999999863545; 0.0000000000000012; -0.0000000000135841; 0.0000000000000012; -0.0000000000598561; -0.0000000000000568; -0.0000000000612914; -0.0000000000002984;-0.0000000000711253;-0.0000000000092228;0.0000000000598561;0.0000000000866792;0;0.0000000000717208;0;0.0000000001861613;
360000; 6.2831853071795862; 6.2831853070847821;0.9999999999961174; 0.0000000000000012; -0.0000000000038829; 0.0000000000000012; -0.0000000000648726; -0.0000000000001137; -0.0000000000649862; -0.0000000000005400;-0.0000000000686526;-0.0000000000028564;0.0000000000648727;0.0000000000919044;0;0.0000000000687120;0;0.0000000000948042;
370000; 6.2831853071795862; 6.2831853070299468;0.9999999999833886; -0.0000000000000164; -0.0000000000166028; -0.0000000000000164; -0.0000000000822951; -0.0000000000009521; -0.0000000000820819; -0.0000000000011369;-0.0000000000879510;-0.0000000000049454;0.0000000000823006;0.0000000001160813;0;0.0000000000880899;0;0.0000000001496394;
380000; 6.2831853071795862; 6.2831853071793997;1.0000000000094276; -0.0000000000000356; 0.0000000000094305; -0.0000000000000356; -0.0000000000727312; -0.0000000000008527; -0.0000000000725464; -0.0000000000012221;-0.0000000000811440;-0.0000000000077591;0.0000000000727362;0.0000000001025961;0;0.0000000000815141;0;0.0000000000001865;
390000; 6.2831853071795862; 6.2831853071415713;0.9999999999923949; 0.0000000000000166; -0.0000000000076188; 0.0000000000000166; -0.0000000000806750; -0.0000000000011227; -0.0000000000811156; -0.0000000000013785;-0.0000000000845830;-0.0000000000032685;0.0000000000806828;0.0000000001147147;0;0.0000000000846461;0;0.0000000000380149;
400000; 6.2831853071795862; 6.2831853071144970;0.9999999999851882; 0.0000000000000451; -0.0000000000148369; 0.0000000000000451; -0.0000000000948290; -0.0000000000014069; -0.0000000000947864; -0.0000000000016200;-0.0000000000989928;-0.0000000000027001;0.0000000000948395;0.0000000001340482;0;0.0000000000990296;0;0.0000000000650893;
410000; 6.2831853071795862; 6.2831853070778632;0.9999999999964835; -0.0000000000000290; -0.0000000000035413; -0.0000000000000290; -0.0000000000984244; -0.0000000000018900; -0.0000000000985096; -0.0000000000010658;-0.0000000001041940;-0.0000000000046327;0.0000000000984425;0.0000000001393137;0;0.0000000001042969;0;0.0000000001017231;
420000; 6.2831853071795862; 6.2831853071350787;1.0000000000040987; 0.0000000000000224; 0.0000000000040913; 0.0000000000000224; -0.0000000000944596; -0.0000000000009521; -0.0000000000945874; -0.0000000000004974;-0.0000000001052740;-0.0000000000098055;0.0000000000944643;0.0000000001337669;0;0.0000000001057297;0;0.0000000000445075;
430000; 6.2831853071795862; 6.2831853070603287;0.9999999999881011; 0.0000000000000214; -0.0000000000118724; 0.0000000000000214; -0.0000000001064961; -0.0000000000005258; -0.0000000001056861; -0.0000000000006821;-0.0000000001176375;-0.0000000000101466;0.0000000001064974;0.0000000001494628;0;0.0000000001180742;0;0.0000000001192575;
440000; 6.2831853071795862; 6.2831853070027481;0.9999999999772439; 0.0000000000000007; -0.0000000000227120; 0.0000000000000007; -0.0000000001279687; -0.0000000000008100; -0.0000000001284803; -0.0000000000002558;-0.0000000001389964;-0.0000000000090239;0.0000000001279713;0.0000000001816986;0;0.0000000001392890;0;0.0000000001768381;
450000; 6.2831853071795862; 6.2831853071462120;0.9999999999968718; 0.0000000000000050; -0.0000000000031260; 0.0000000000000050; -0.0000000001318057; 0.0000000000000142; -0.0000000001323173; 0.0000000000005258;-0.0000000001433165;-0.0000000000099192;0.0000000001318057;0.0000000001871249;0;0.0000000001436593;0;0.0000000000333742;
460000; 6.2831853071795862; 6.2831853071572450;0.9999999999979262; 0.0000000000000537; -0.0000000000020923; 0.0000000000000537; -0.0000000001344347; 0.0000000000004690; -0.0000000001341647; 0.0000000000011084;-0.0000000001500950;-0.0000000000144951;0.0000000001344355;0.0000000001897375;0;0.0000000001507933;0;0.0000000000223412;
470000; 6.2831853071795862; 6.2831853071272956;1.0000000000205971; -0.0000000000000410; 0.0000000000206195; -0.0000000000000410; -0.0000000001131184; 0.0000000000007248; -0.0000000001134310; 0.0000000000017337;-0.0000000001273150;-0.0000000000126477;0.0000000001131207;0.0000000001604157;0;0.0000000001279417;0;0.0000000000522906;
480000; 6.2831853071795862; 6.2831853070142021;0.9999999999802072; -0.0000000000000108; -0.0000000000197606; -0.0000000000000108; -0.0000000001335678; 0.0000000000020037; -0.0000000001337952; 0.0000000000014921;-0.0000000001440839;-0.0000000000092086;0.0000000001335829;0.0000000001892150;0;0.0000000001443778;0;0.0000000001653842;
490000; 6.2831853071795862; 6.2831853071365620;0.9999999999948130; 0.0000000000000489; -0.0000000000052250; 0.0000000000000489; -0.0000000001385700; 0.0000000000016200; -0.0000000001386411; 0.0000000000011653;-0.0000000001470255;-0.0000000000069917;0.0000000001385795;0.0000000001960681;0;0.0000000001471917;0;0.0000000000430243;
500000; 6.2831853071795862; 6.2831853071526425;0.9999999999971476; -0.0000000000000220; -0.0000000000028631; -0.0000000000000220; -0.0000000001416538; 0.0000000000010516; -0.0000000001418812; 0.0000000000011653;-0.0000000001466134;-0.0000000000037232;0.0000000001416577;0.0000000002006503;0;0.0000000001466607;0;0.0000000000269438;
510000; 6.2831853071795862; 6.2831853071798411;0.9999999999978950; 0.0000000000000443; -0.0000000000021643; 0.0000000000000443; -0.0000000001435012; 0.0000000000012363; -0.0000000001455334; 0.0000000000018900;-0.0000000001467271;-0.0000000000018332;0.0000000001435065;0.0000000002058153;0;0.0000000001467385;0;0.0000000000002549;
520000; 6.2831853071795862; 6.2831853070801724;0.9999999999906990; 0.0000000000000389; -0.0000000000093264; 0.0000000000000389; -0.0000000001549552; 0.0000000000020322; -0.0000000001546567; 0.0000000000021174;-0.0000000001549836;-0.0000000000005116;0.0000000001549685;0.0000000002187176;0;0.0000000001549844;0;0.0000000000994138;
530000; 6.2831853071795862; 6.2831853071507453;0.9999999999777689; -0.0000000000000196; -0.0000000000222267; -0.0000000000000196; -0.0000000001767120; 0.0000000000022169; -0.0000000001765983; 0.0000000000025722;-0.0000000001784599;-0.0000000000018900;0.0000000001767259;0.0000000002497477;0;0.0000000001784699;0;0.0000000000288409;
540000; 6.2831853071795862; 6.2831853072490773;1.0000000000105436; 0.0000000000000150; 0.0000000000105516; 0.0000000000000150; -0.0000000001662386; 0.0000000000021885; -0.0000000001658691; 0.0000000000027143;-0.0000000001705445;-0.0000000000046327;0.0000000001662530;0.0000000002345743;0;0.0000000001706074;0;0.0000000000694911;
550000; 6.2831853071795862; 6.2831853070965238;1.0000000000013411; -0.0000000000000805; 0.0000000000013321; -0.0000000000000805; -0.0000000001646043; 0.0000000000026006; -0.0000000001637233; 0.0000000000023306;-0.0000000001665654;-0.0000000000021458;0.0000000001646249;0.0000000002315397;0;0.0000000001665792;0;0.0000000000830624;
560000; 6.2831853071795862; 6.2831853071493180;1.0000000000188449; 0.0000000000000194; 0.0000000000188836; 0.0000000000000194; -0.0000000001441833; 0.0000000000019611; -0.0000000001460734; 0.0000000000025864;-0.0000000001429044;0.0000000000024158;0.0000000001441967;0.0000000002065789;0;0.0000000001429248;1;0.0000000000302682;
570000; 6.2831853071795862; 6.2831853070333059;0.9999999999923483; 0.0000000000000403; -0.0000000000076286; 0.0000000000000403; -0.0000000001533635; 0.0000000000020890; -0.0000000001530083; 0.0000000000021885;-0.0000000001478924;0.0000000000047464;0.0000000001533778;0.0000000002163864;0;0.0000000001479685;1;0.0000000001462803;
580000; 6.2831853071795862; 6.2831853070143051;0.9999999999711345; 0.0000000000000534; -0.0000000000288807; 0.0000000000000534; -0.0000000001805915; 0.0000000000024158; -0.0000000001820695; 0.0000000000024016;-0.0000000001738130;0.0000000000068070;0.0000000001806077;0.0000000002574851;0;0.0000000001739462;1;0.0000000001652811;
590000; 6.2831853071795862; 6.2831853071713777;1.0000000000237375; -0.0000000000000007; 0.0000000000237403; -0.0000000000000007; -0.0000000001593179; 0.0000000000015348; -0.0000000001588063; 0.0000000000023874;-0.0000000001505498;0.0000000000067928;0.0000000001593253;0.0000000002245860;0;0.0000000001507030;1;0.0000000000082085;
600000; 6.2831853071795862; 6.2831853071120278;0.9999999999973986; 0.0000000000000497; -0.0000000000026107; 0.0000000000000497; -0.0000000001614069; 0.0000000000022737; -0.0000000001609806; 0.0000000000024016;-0.0000000001504930;0.0000000000094218;0.0000000001614229;0.0000000002276609;0;0.0000000001507876;1;0.0000000000675584;
610000; 6.2831853071795862; 6.2831853072012844;1.0000000000046885; 0.0000000000001075; 0.0000000000046599; 0.0000000000001075; -0.0000000001565041; 0.0000000000025722; -0.0000000001557652; 0.0000000000018758;-0.0000000001444675;0.0000000000110845;0.0000000001565253;0.0000000002202852;0;0.0000000001448922;1;0.0000000000216982;
620000; 6.2831853071795862; 6.2831853071164128;0.9999999999987492; -0.0000000000000360; -0.0000000000012687; -0.0000000000000360; -0.0000000001570442; 0.0000000000019327; -0.0000000001567315; 0.0000000000024016;-0.0000000001461302;0.0000000000107008;0.0000000001570560;0.0000000002216518;0;0.0000000001465215;1;0.0000000000631735;
630000; 6.2831853071795862; 6.2831853072381580;1.0000000000104590; 0.0000000000000144; 0.0000000000104334; 0.0000000000000144; -0.0000000001464429; 0.0000000000021885; -0.0000000001460450; 0.0000000000031690;-0.0000000001383995;0.0000000000080007;0.0000000001464592;0.0000000002065388;0;0.0000000001386306;1;0.0000000000585718;
640000; 6.2831853071795862; 6.2831853070510473;0.9999999999851454; 0.0000000000000175; -0.0000000000148276; 0.0000000000000175; -0.0000000001609237; 0.0000000000035101; -0.0000000001609664; 0.0000000000028848;-0.0000000001569731;0.0000000000043769;0.0000000001609620;0.0000000002276408;0;0.0000000001570341;1;0.0000000001285390;
650000; 6.2831853071795862; 6.2831853070057901;0.9999999999665493; 0.0000000000000402; -0.0000000000334435; 0.0000000000000402; -0.0000000001958824; 0.0000000000017053; -0.0000000001955129; 0.0000000000027001;-0.0000000001909655;0.0000000000026432;0.0000000001958898;0.0000000002764971;0;0.0000000001909838;1;0.0000000001737961;
660000; 6.2831853071795862; 6.2831853072695534;1.0000000000094900; -0.0000000000000179; 0.0000000000094668; -0.0000000000000179; -0.0000000001869296; 0.0000000000029843; -0.0000000001866169; 0.0000000000030980;-0.0000000001967351;-0.0000000000131593;0.0000000001869534;0.0000000002639162;0;0.0000000001971747;0;0.0000000000899671;
670000; 6.2831853071795862; 6.2831853071786341;1.0000000000102041; 0.0000000000000597; 0.0000000000102469; 0.0000000000000597; -0.0000000001770672; 0.0000000000037801; -0.0000000001744809; 0.0000000000029274;-0.0000000001803926;-0.0000000000075318;0.0000000001771076;0.0000000002467532;0;0.0000000001805498;0;0.0000000000009521;
680000; 6.2831853071795862; 6.2831853071524488;0.9999999999798742; 0.0000000000000456; -0.0000000000201490; 0.0000000000000456; -0.0000000001940634; 0.0000000000032685; -0.0000000001954277; 0.0000000000026716;-0.0000000001942055;-0.0000000000009948;0.0000000001940910;0.0000000002763765;0;0.0000000001942081;0;0.0000000000271374;
690000; 6.2831853071795862; 6.2831853072018529;1.0000000000327913; -0.0000000000000074; 0.0000000000327612; -0.0000000000000074; -0.0000000001629985; 0.0000000000028706; -0.0000000001615774; 0.0000000000029274;-0.0000000001722071;-0.0000000000110845;0.0000000001630238;0.0000000002285050;0;0.0000000001725635;0;0.0000000000222666;
700000; 6.2831853071795862; 6.2831853070764883;0.9999999999929919; 0.0000000000000299; -0.0000000000070332; 0.0000000000000299; -0.0000000001680291; 0.0000000000033253; -0.0000000001702460; 0.0000000000032401;-0.0000000001857359;-0.0000000000175930;0.0000000001680620;0.0000000002407643;0;0.0000000001865672;0;0.0000000001030980;
710000; 6.2831853071795862; 6.2831853072069359;0.9999999999884013; -0.0000000000000105; -0.0000000000115949; -0.0000000000000105; -0.0000000001826663; 0.0000000000037517; -0.0000000001828369; 0.0000000000035243;-0.0000000001902549;-0.0000000000113971;0.0000000001827048;0.0000000002585704;0;0.0000000001905960;0;0.0000000000273497;
720000; 6.2831853071795862; 6.2831853070958523;0.9999999999778556; -0.0000000000000344; -0.0000000000220590; -0.0000000000000344; -0.0000000002048068; 0.0000000000030695; -0.0000000002050058; 0.0000000000032117;-0.0000000002137597;-0.0000000000129887;0.0000000002048298;0.0000000002899220;0;0.0000000002141539;0;0.0000000000837339;
730000; 6.2831853071795862; 6.2831853069918759;0.9999999999741059; 0.0000000000000343; -0.0000000000258799; 0.0000000000000343; -0.0000000002310117; 0.0000000000034959; -0.0000000002318643; 0.0000000000044338;-0.0000000002434604;-0.0000000000167120;0.0000000002310381;0.0000000003279056;0;0.0000000002440333;0;0.0000000001877103;
740000; 6.2831853071795862; 6.2831853071888144;1.0000000000328424; 0.0000000000000304; 0.0000000000328248; 0.0000000000000304; -0.0000000001980425; 0.0000000000066507; -0.0000000001987530; 0.0000000000037232;-0.0000000002112017;-0.0000000000183604;0.0000000001981541;0.0000000002810792;0;0.0000000002119983;0;0.0000000000092282;
750000; 6.2831853071795862; 6.2831853072072388;0.9999999999980527; -0.0000000000001003; -0.0000000000019586; -0.0000000000001003; -0.0000000002001741; 0.0000000000038938; -0.0000000002011689; 0.0000000000038654;-0.0000000002185345;-0.0000000000242437;0.0000000002002120;0.0000000002844957;0;0.0000000002198752;0;0.0000000000276525;
760000; 6.2831853071795862; 6.2831853070747972;0.9999999999835124; -0.0000000000000131; -0.0000000000164699; -0.0000000000000131; -0.0000000002172555; 0.0000000000040927; -0.0000000002181935; 0.0000000000029843;-0.0000000002193019;-0.0000000000088960;0.0000000002172941;0.0000000003085722;0;0.0000000002194823;0;0.0000000001047891;
770000; 6.2831853071795862; 6.2831853072470771;1.0000000000409979; 0.0000000000000202; 0.0000000000409995; 0.0000000000000202; -0.0000000001793694; 0.0000000000032969; -0.0000000001785736; 0.0000000000019043;-0.0000000001642491;0.0000000000055138;0.0000000001793997;0.0000000002525412;0;0.0000000001643416;1;0.0000000000674909;
780000; 6.2831853071795862; 6.2831853070373338;0.9999999999747662; -0.0000000000000040; -0.0000000000253008; -0.0000000000000040; -0.0000000002060290; 0.0000000000013642; -0.0000000002046647; 0.0000000000016485;-0.0000000001900275;0.0000000000050875;0.0000000002060335;0.0000000002894396;0;0.0000000001900956;1;0.0000000001422524;
790000; 6.2831853071795862; 6.2831853072522676;1.0000000000183997; 0.0000000000000240; 0.0000000000184494; 0.0000000000000240; -0.0000000001864180; 0.0000000000008811; -0.0000000001874696; 0.0000000000009948;-0.0000000001767830;0.0000000000003979;0.0000000001864201;0.0000000002651220;0;0.0000000001767835;1;0.0000000000726814;
800000; 6.2831853071795862; 6.2831853071545041;0.9999999999704802; 0.0000000000000314; -0.0000000000295380; 0.0000000000000314; -0.0000000002169145; 0.0000000000016200; -0.0000000002169145; 0.0000000000005969;-0.0000000002059437;0.0000000000010800;0.0000000002169205;0.0000000003067634;0;0.0000000002059465;1;0.0000000000250822;
810000; 6.2831853071795862; 6.2831853069845200;0.9999999999672115; -0.0000000000000040; -0.0000000000328292; -0.0000000000000040; -0.0000000002482636; -0.0000000000001990; -0.0000000002487752; 0.0000000000005116;-0.0000000002422951;-0.0000000000041211;0.0000000002482637;0.0000000003518213;0;0.0000000002423301;1;0.0000000001950662;
820000; 6.2831853071795862; 6.2831853072881998;1.0000000000439171; 0.0000000000000058; 0.0000000000438611; 0.0000000000000058; -0.0000000002050626; -0.0000000000005116; -0.0000000002058869; 0.0000000000012506;-0.0000000002012825;-0.0000000000076454;0.0000000002050633;0.0000000002911680;0;0.0000000002014277;1;0.0000000001086136;
830000; 6.2831853071795862; 6.2831853073184982;1.0000000000307587; -0.0000000000000160; 0.0000000000308079; -0.0000000000000160; -0.0000000001745093; 0.0000000000009663; -0.0000000001752767; 0.0000000000005969;-0.0000000001610090;0.0000000000018758;0.0000000001745120;0.0000000002478787;0;0.0000000001610199;1;0.0000000001389120;
840000; 6.2831853071795862; 6.2831853072749562;1.0000000000020992; 0.0000000000000471; 0.0000000000021214; 0.0000000000000471; -0.0000000001727756; 0.0000000000009095; -0.0000000001720935; 0.0000000000010232;-0.0000000001582805;0.0000000000023022;0.0000000001727780;0.0000000002433769;0;0.0000000001582972;1;0.0000000000953699;
850000; 6.2831853071795862; 6.2831853070723183;1.0000000000026574; -0.0000000000000684; 0.0000000000026646; -0.0000000000000684; -0.0000000001695639; 0.0000000000010232; -0.0000000001682849; 0.0000000000006537;-0.0000000001502372;0.0000000000078160;0.0000000001695670;0.0000000002379908;0;0.0000000001504403;1;0.0000000001072680;
860000; 6.2831853071795862; 6.2831853072555344;1.0000000000417806; 0.0000000000000567; 0.0000000000418269; 0.0000000000000567; -0.0000000001268177; 0.0000000000009095; -0.0000000001246860; -0.0000000000003126;-0.0000000001054445;0.0000000000105729;0.0000000001268209;0.0000000001763327;0;0.0000000001059733;1;0.0000000000759481;
870000; 6.2831853071795862; 6.2831853072049553;0.9999999999915766; -0.0000000000000396; -0.0000000000084490; -0.0000000000000396; -0.0000000001330704; -0.0000000000002274; -0.0000000001310809; -0.0000000000007390;-0.0000000001305693;-0.0000000000059117;0.0000000001330706;0.0000000001853764;0;0.0000000001307031;1;0.0000000000253690;
880000; 6.2831853071795862; 6.2831853069983348;0.9999999999642332; 0.0000000000000054; -0.0000000000356289; 0.0000000000000054; -0.0000000001647891; -0.0000000000006821; -0.0000000001659259; -0.0000000000010516;-0.0000000001605827;-0.0000000000015348;0.0000000001647905;0.0000000002346547;0;0.0000000001605900;1;0.0000000001812515;
890000; 6.2831853071795862; 6.2831853072755894;1.0000000000275018; -0.0000000000000425; 0.0000000000274494; -0.0000000000000425; -0.0000000001388116; -0.0000000000011084; -0.0000000001384137; -0.0000000000009095;-0.0000000001512603;-0.0000000000192131;0.0000000001388161;0.0000000001957466;0;0.0000000001524757;0;0.0000000000960032;
900000; 6.2831853071795862; 6.2831853072282309;0.9999999999984903; -0.0000000000000286; -0.0000000000015114; -0.0000000000000286; -0.0000000001401759; -0.0000000000007674; -0.0000000001415401; -0.0000000000002558;-0.0000000001534772;-0.0000000000197531;0.0000000001401780;0.0000000002001679;0;0.0000000001547432;0;0.0000000000486446;
910000; 6.2831853071795862; 6.2831853072899309;1.0000000000317866; 0.0000000000000362; 0.0000000000317484; 0.0000000000000362; -0.0000000001103615; -0.0000000000007105; -0.0000000001082299; 0.0000000000005684;-0.0000000001271871;-0.0000000000248406;0.0000000001103638;0.0000000001530601;0;0.0000000001295902;0;0.0000000001103446;
920000; 6.2831853071795862; 6.2831853072451906;1.0000000000244247; 0.0000000000000520; 0.0000000000245108; 0.0000000000000520; -0.0000000000837304; 0.0000000000009379; -0.0000000000854357; 0.0000000000002558;-0.0000000001075193;-0.0000000000297007;0.0000000000837356;0.0000000001208243;0;0.0000000001115461;0;0.0000000000656044;
930000; 6.2831853071795862; 6.2831853071731265;1.0000000000104854; 0.0000000000000065; 0.0000000000104813; 0.0000000000000065; -0.0000000000754028; -0.0000000000000853; -0.0000000000747207; -0.0000000000003695;-0.0000000001196838;-0.0000000000524096;0.0000000000754028;0.0000000001056710;0;0.0000000001306560;0;0.0000000000064597;
940000; 6.2831853071795862; 6.2831853069624337;0.9999999999581376; 0.0000000000001528; -0.0000000000418974; 0.0000000000001528; -0.0000000001166143; -0.0000000000004547; -0.0000000001143974; 0.0000000000005684;-0.0000000001508909;-0.0000000000422915;0.0000000001166152;0.0000000001617823;0;0.0000000001567055;0;0.0000000002171525;
950000; 6.2831853071795862; 6.2831853071749491;0.9999999999740697; 0.0000000000000203; -0.0000000000258967; 0.0000000000000203; -0.0000000001401759; 0.0000000000003695; -0.0000000001404601; 0.0000000000001421;-0.0000000001734008;-0.0000000000392220;0.0000000001401764;0.0000000001986406;0;0.0000000001777814;0;0.0000000000046372;
960000; 6.2831853071795862; 6.2831853070896218;0.9999999999901357; -0.0000000000000796; -0.0000000000098482; -0.0000000000000796; -0.0000000001510045; 0.0000000000002558; -0.0000000001487876; -0.0000000000001137;-0.0000000001882370;-0.0000000000437694;0.0000000001510048;0.0000000002104175;0;0.0000000001932587;0;0.0000000000899645;
970000; 6.2831853071795862; 6.2831853069609505;0.9999999999657767; -0.0000000000000130; -0.0000000000342539; -0.0000000000000130; -0.0000000001823253; 0.0000000000013358; -0.0000000001818421; -0.0000000000005400;-0.0000000002272031;-0.0000000000484874;0.0000000001823302;0.0000000002571636;0;0.0000000002323194;0;0.0000000002186358;
980000; 6.2831853071795862; 6.2831853071398651;0.9999999999974201; -0.0000000000000263; -0.0000000000026128; -0.0000000000000263; -0.0000000001838600; -0.0000000000006821; -0.0000000001835758; 0.0000000000008811;-0.0000000002340812;-0.0000000000528928;0.0000000001838613;0.0000000002596154;0;0.0000000002399826;0;0.0000000000397211;
990000; 6.2831853071795862; 6.2831853071632731;0.9999999999939760; 0.0000000000000219; -0.0000000000059399; 0.0000000000000219; -0.0000000001897718; 0.0000000000010516; -0.0000000001912781; -0.0000000000006253;-0.0000000002467857;-0.0000000000594866;0.0000000001897747;0.0000000002705081;0;0.0000000002538540;0;0.0000000000163132;
1000000; 6.2831853071795862; 6.2831853071551587;0.9999999999986976; 0.0000000000000490; -0.0000000000012915; 0.0000000000000490; -0.0000000001927560; -0.0000000000006821; -0.0000000001908802; -0.0000000000005116;-0.0000000002557385;-0.0000000000670752;0.0000000001927572;0.0000000002699454;0;0.0000000002643885;0;0.0000000000244276;
1010000; 6.2831853071795862; 6.2831853071057582;0.9999999999688564; 0.0000000000000275; -0.0000000000311101; 0.0000000000000275; -0.0000000002208367; 0.0000000000009095; -0.0000000002218883; 0.0000000000000568;-0.0000000002914646;-0.0000000000722196;0.0000000002208386;0.0000000003137974;0;0.0000000003002787;0;0.0000000000738281;
1020000; 6.2831853071795862; 6.2831853072420847;0.9999999999989161; -0.0000000000000131; -0.0000000000010963; -0.0000000000000131; -0.0000000002230536; 0.0000000000000000; -0.0000000002206662; 0.0000000000012221;-0.0000000002984564;-0.0000000000781597;0.0000000002230536;0.0000000003120691;0;0.0000000003085209;0;0.0000000000624985;
1030000; 6.2831853071795862; 6.2831853070139632;0.9999999999801888; 0.0000000000000010; -0.0000000000198286; 0.0000000000000010; -0.0000000002403624; 0.0000000000017337; -0.0000000002394245; 0.0000000000018474;-0.0000000003264802;-0.0000000000864020;0.0000000002403686;0.0000000003385973;0;0.0000000003377197;0;0.0000000001656231;
1040000; 6.2831853071795862; 6.2831853074167219;1.0000000000530871; -0.0000000000000134; 0.0000000000531418; -0.0000000000000134; -0.0000000001847127; 0.0000000000031832; -0.0000000001866738; 0.0000000000014495;-0.0000000002763443;-0.0000000000896136;0.0000000001847401;0.0000000002639966;0;0.0000000002905112;0;0.0000000002371356;
1050000; 6.2831853071795862; 6.2831853073367938;1.0000000000343763; -0.0000000000000205; 0.0000000000344074; -0.0000000000000205; -0.0000000001521414; 0.0000000000019611; -0.0000000001536478; 0.0000000000012790;-0.0000000002423803;-0.0000000000901252;0.0000000001521540;0.0000000002172907;0;0.0000000002585939;0;0.0000000001572076;
1060000; 6.2831853071795862; 6.2831853071546222;0.9999999999887142; -0.0000000000000110; -0.0000000000112742; -0.0000000000000110; -0.0000000001651301; 0.0000000000015064; -0.0000000001659544; 0.0000000000013927;-0.0000000002402487;-0.0000000000765397;0.0000000001651370;0.0000000002346949;0;0.0000000002521463;0;0.0000000000249640;
